{
 "cells": [
  {
   "cell_type": "code",
   "execution_count": 21,
   "id": "d08e7a12",
   "metadata": {},
   "outputs": [],
   "source": [
    "import pandas as pd\n",
    "import numpy as np\n",
    "import matplotlib.pyplot as plt\n",
    "%matplotlib inline"
   ]
  },
  {
   "cell_type": "code",
   "execution_count": 22,
   "id": "602515da",
   "metadata": {},
   "outputs": [
    {
     "data": {
      "text/html": [
       "<div>\n",
       "<style scoped>\n",
       "    .dataframe tbody tr th:only-of-type {\n",
       "        vertical-align: middle;\n",
       "    }\n",
       "\n",
       "    .dataframe tbody tr th {\n",
       "        vertical-align: top;\n",
       "    }\n",
       "\n",
       "    .dataframe thead th {\n",
       "        text-align: right;\n",
       "    }\n",
       "</style>\n",
       "<table border=\"1\" class=\"dataframe\">\n",
       "  <thead>\n",
       "    <tr style=\"text-align: right;\">\n",
       "      <th></th>\n",
       "      <th>CRIM</th>\n",
       "      <th>ZN</th>\n",
       "      <th>INDUS</th>\n",
       "      <th>CHAS</th>\n",
       "      <th>NOX</th>\n",
       "      <th>RM</th>\n",
       "      <th>AGE</th>\n",
       "      <th>DIS</th>\n",
       "      <th>RAD</th>\n",
       "      <th>TAX</th>\n",
       "      <th>PTRATIO</th>\n",
       "      <th>B</th>\n",
       "      <th>LSTAT</th>\n",
       "      <th>Price</th>\n",
       "    </tr>\n",
       "  </thead>\n",
       "  <tbody>\n",
       "    <tr>\n",
       "      <th>count</th>\n",
       "      <td>486.000000</td>\n",
       "      <td>486.000000</td>\n",
       "      <td>486.000000</td>\n",
       "      <td>486.000000</td>\n",
       "      <td>506.000000</td>\n",
       "      <td>506.000000</td>\n",
       "      <td>486.000000</td>\n",
       "      <td>506.000000</td>\n",
       "      <td>506.000000</td>\n",
       "      <td>506.000000</td>\n",
       "      <td>506.000000</td>\n",
       "      <td>506.000000</td>\n",
       "      <td>486.000000</td>\n",
       "      <td>506.000000</td>\n",
       "    </tr>\n",
       "    <tr>\n",
       "      <th>mean</th>\n",
       "      <td>3.611874</td>\n",
       "      <td>11.211934</td>\n",
       "      <td>11.083992</td>\n",
       "      <td>0.069959</td>\n",
       "      <td>0.554695</td>\n",
       "      <td>6.284634</td>\n",
       "      <td>68.518519</td>\n",
       "      <td>3.795043</td>\n",
       "      <td>9.549407</td>\n",
       "      <td>408.237154</td>\n",
       "      <td>18.455534</td>\n",
       "      <td>356.674032</td>\n",
       "      <td>12.715432</td>\n",
       "      <td>22.532806</td>\n",
       "    </tr>\n",
       "    <tr>\n",
       "      <th>std</th>\n",
       "      <td>8.720192</td>\n",
       "      <td>23.388876</td>\n",
       "      <td>6.835896</td>\n",
       "      <td>0.255340</td>\n",
       "      <td>0.115878</td>\n",
       "      <td>0.702617</td>\n",
       "      <td>27.999513</td>\n",
       "      <td>2.105710</td>\n",
       "      <td>8.707259</td>\n",
       "      <td>168.537116</td>\n",
       "      <td>2.164946</td>\n",
       "      <td>91.294864</td>\n",
       "      <td>7.155871</td>\n",
       "      <td>9.197104</td>\n",
       "    </tr>\n",
       "    <tr>\n",
       "      <th>min</th>\n",
       "      <td>0.006320</td>\n",
       "      <td>0.000000</td>\n",
       "      <td>0.460000</td>\n",
       "      <td>0.000000</td>\n",
       "      <td>0.385000</td>\n",
       "      <td>3.561000</td>\n",
       "      <td>2.900000</td>\n",
       "      <td>1.129600</td>\n",
       "      <td>1.000000</td>\n",
       "      <td>187.000000</td>\n",
       "      <td>12.600000</td>\n",
       "      <td>0.320000</td>\n",
       "      <td>1.730000</td>\n",
       "      <td>5.000000</td>\n",
       "    </tr>\n",
       "    <tr>\n",
       "      <th>25%</th>\n",
       "      <td>0.081900</td>\n",
       "      <td>0.000000</td>\n",
       "      <td>5.190000</td>\n",
       "      <td>0.000000</td>\n",
       "      <td>0.449000</td>\n",
       "      <td>5.885500</td>\n",
       "      <td>45.175000</td>\n",
       "      <td>2.100175</td>\n",
       "      <td>4.000000</td>\n",
       "      <td>279.000000</td>\n",
       "      <td>17.400000</td>\n",
       "      <td>375.377500</td>\n",
       "      <td>7.125000</td>\n",
       "      <td>17.025000</td>\n",
       "    </tr>\n",
       "    <tr>\n",
       "      <th>50%</th>\n",
       "      <td>0.253715</td>\n",
       "      <td>0.000000</td>\n",
       "      <td>9.690000</td>\n",
       "      <td>0.000000</td>\n",
       "      <td>0.538000</td>\n",
       "      <td>6.208500</td>\n",
       "      <td>76.800000</td>\n",
       "      <td>3.207450</td>\n",
       "      <td>5.000000</td>\n",
       "      <td>330.000000</td>\n",
       "      <td>19.050000</td>\n",
       "      <td>391.440000</td>\n",
       "      <td>11.430000</td>\n",
       "      <td>21.200000</td>\n",
       "    </tr>\n",
       "    <tr>\n",
       "      <th>75%</th>\n",
       "      <td>3.560263</td>\n",
       "      <td>12.500000</td>\n",
       "      <td>18.100000</td>\n",
       "      <td>0.000000</td>\n",
       "      <td>0.624000</td>\n",
       "      <td>6.623500</td>\n",
       "      <td>93.975000</td>\n",
       "      <td>5.188425</td>\n",
       "      <td>24.000000</td>\n",
       "      <td>666.000000</td>\n",
       "      <td>20.200000</td>\n",
       "      <td>396.225000</td>\n",
       "      <td>16.955000</td>\n",
       "      <td>25.000000</td>\n",
       "    </tr>\n",
       "    <tr>\n",
       "      <th>max</th>\n",
       "      <td>88.976200</td>\n",
       "      <td>100.000000</td>\n",
       "      <td>27.740000</td>\n",
       "      <td>1.000000</td>\n",
       "      <td>0.871000</td>\n",
       "      <td>8.780000</td>\n",
       "      <td>100.000000</td>\n",
       "      <td>12.126500</td>\n",
       "      <td>24.000000</td>\n",
       "      <td>711.000000</td>\n",
       "      <td>22.000000</td>\n",
       "      <td>396.900000</td>\n",
       "      <td>37.970000</td>\n",
       "      <td>50.000000</td>\n",
       "    </tr>\n",
       "  </tbody>\n",
       "</table>\n",
       "</div>"
      ],
      "text/plain": [
       "             CRIM          ZN       INDUS        CHAS         NOX          RM  \\\n",
       "count  486.000000  486.000000  486.000000  486.000000  506.000000  506.000000   \n",
       "mean     3.611874   11.211934   11.083992    0.069959    0.554695    6.284634   \n",
       "std      8.720192   23.388876    6.835896    0.255340    0.115878    0.702617   \n",
       "min      0.006320    0.000000    0.460000    0.000000    0.385000    3.561000   \n",
       "25%      0.081900    0.000000    5.190000    0.000000    0.449000    5.885500   \n",
       "50%      0.253715    0.000000    9.690000    0.000000    0.538000    6.208500   \n",
       "75%      3.560263   12.500000   18.100000    0.000000    0.624000    6.623500   \n",
       "max     88.976200  100.000000   27.740000    1.000000    0.871000    8.780000   \n",
       "\n",
       "              AGE         DIS         RAD         TAX     PTRATIO           B  \\\n",
       "count  486.000000  506.000000  506.000000  506.000000  506.000000  506.000000   \n",
       "mean    68.518519    3.795043    9.549407  408.237154   18.455534  356.674032   \n",
       "std     27.999513    2.105710    8.707259  168.537116    2.164946   91.294864   \n",
       "min      2.900000    1.129600    1.000000  187.000000   12.600000    0.320000   \n",
       "25%     45.175000    2.100175    4.000000  279.000000   17.400000  375.377500   \n",
       "50%     76.800000    3.207450    5.000000  330.000000   19.050000  391.440000   \n",
       "75%     93.975000    5.188425   24.000000  666.000000   20.200000  396.225000   \n",
       "max    100.000000   12.126500   24.000000  711.000000   22.000000  396.900000   \n",
       "\n",
       "            LSTAT       Price  \n",
       "count  486.000000  506.000000  \n",
       "mean    12.715432   22.532806  \n",
       "std      7.155871    9.197104  \n",
       "min      1.730000    5.000000  \n",
       "25%      7.125000   17.025000  \n",
       "50%     11.430000   21.200000  \n",
       "75%     16.955000   25.000000  \n",
       "max     37.970000   50.000000  "
      ]
     },
     "execution_count": 22,
     "metadata": {},
     "output_type": "execute_result"
    }
   ],
   "source": [
    "import pandas as pd\n",
    "\n",
    "# Load the Boston housing dataset\n",
    "df = pd.read_csv('HousingData.csv')\n",
    "df.rename(columns = {'MEDV':'Price'}, inplace = True) \n",
    "df['RAD'] = df['RAD'].astype('float64')\n",
    "df['TAX'] = df['TAX'].astype('float64')\n",
    "df.describe()"
   ]
  },
  {
   "cell_type": "code",
   "execution_count": 23,
   "id": "0fe4aeac",
   "metadata": {},
   "outputs": [
    {
     "data": {
      "text/plain": [
       "CRIM       20\n",
       "ZN         20\n",
       "INDUS      20\n",
       "CHAS       20\n",
       "NOX         0\n",
       "RM          0\n",
       "AGE        20\n",
       "DIS         0\n",
       "RAD         0\n",
       "TAX         0\n",
       "PTRATIO     0\n",
       "B           0\n",
       "LSTAT      20\n",
       "Price       0\n",
       "dtype: int64"
      ]
     },
     "execution_count": 23,
     "metadata": {},
     "output_type": "execute_result"
    }
   ],
   "source": [
    "df.isnull().sum()"
   ]
  },
  {
   "cell_type": "code",
   "execution_count": 24,
   "id": "c3e2b72e",
   "metadata": {
    "scrolled": true
   },
   "outputs": [
    {
     "data": {
      "text/plain": [
       "CRIM       0\n",
       "ZN         0\n",
       "INDUS      0\n",
       "CHAS       0\n",
       "NOX        0\n",
       "RM         0\n",
       "AGE        0\n",
       "DIS        0\n",
       "RAD        0\n",
       "TAX        0\n",
       "PTRATIO    0\n",
       "B          0\n",
       "LSTAT      0\n",
       "Price      0\n",
       "dtype: int64"
      ]
     },
     "execution_count": 24,
     "metadata": {},
     "output_type": "execute_result"
    }
   ],
   "source": [
    "df['CRIM'].mode()[0]\n",
    "df['CRIM'] = df['CRIM'].fillna(0.01501)\n",
    "df.isnull().sum()\n",
    "df['ZN'] = df['ZN'].fillna(0.0120)\n",
    "# df['ZN']\n",
    "df.isnull().sum()\n",
    "df['INDUS'] = df['INDUS'].fillna(18.1)\n",
    "# df['INDUS'].mode()[0]\n",
    "# df.isnull().sum()\n",
    "df['CHAS'].mode()[0]\n",
    "df['CHAS'] = df['CHAS'].fillna(0.0)\n",
    "df['AGE'].mode()[0]\n",
    "df['AGE'] = df['AGE'].fillna(80.0)\n",
    "df['LSTAT'].mode()[0]\n",
    "df['LSTAT'] = df['LSTAT'].fillna(6.36)\n",
    "df.isnull().sum()"
   ]
  },
  {
   "cell_type": "code",
   "execution_count": 25,
   "id": "a50f46fc",
   "metadata": {},
   "outputs": [
    {
     "data": {
      "text/html": [
       "<div>\n",
       "<style scoped>\n",
       "    .dataframe tbody tr th:only-of-type {\n",
       "        vertical-align: middle;\n",
       "    }\n",
       "\n",
       "    .dataframe tbody tr th {\n",
       "        vertical-align: top;\n",
       "    }\n",
       "\n",
       "    .dataframe thead th {\n",
       "        text-align: right;\n",
       "    }\n",
       "</style>\n",
       "<table border=\"1\" class=\"dataframe\">\n",
       "  <thead>\n",
       "    <tr style=\"text-align: right;\">\n",
       "      <th></th>\n",
       "      <th>CRIM</th>\n",
       "      <th>ZN</th>\n",
       "      <th>INDUS</th>\n",
       "      <th>CHAS</th>\n",
       "      <th>NOX</th>\n",
       "      <th>RM</th>\n",
       "      <th>AGE</th>\n",
       "      <th>DIS</th>\n",
       "      <th>RAD</th>\n",
       "      <th>TAX</th>\n",
       "      <th>PTRATIO</th>\n",
       "      <th>B</th>\n",
       "      <th>LSTAT</th>\n",
       "      <th>Price</th>\n",
       "    </tr>\n",
       "  </thead>\n",
       "  <tbody>\n",
       "    <tr>\n",
       "      <th>CRIM</th>\n",
       "      <td>1.000000</td>\n",
       "      <td>-0.185549</td>\n",
       "      <td>0.379754</td>\n",
       "      <td>-0.055705</td>\n",
       "      <td>0.410921</td>\n",
       "      <td>-0.220323</td>\n",
       "      <td>0.342014</td>\n",
       "      <td>-0.365909</td>\n",
       "      <td>0.600548</td>\n",
       "      <td>0.559916</td>\n",
       "      <td>0.278227</td>\n",
       "      <td>-0.364913</td>\n",
       "      <td>0.430490</td>\n",
       "      <td>-0.384108</td>\n",
       "    </tr>\n",
       "    <tr>\n",
       "      <th>ZN</th>\n",
       "      <td>-0.185549</td>\n",
       "      <td>1.000000</td>\n",
       "      <td>-0.497920</td>\n",
       "      <td>-0.032994</td>\n",
       "      <td>-0.498625</td>\n",
       "      <td>0.312301</td>\n",
       "      <td>-0.535054</td>\n",
       "      <td>0.632437</td>\n",
       "      <td>-0.300069</td>\n",
       "      <td>-0.304390</td>\n",
       "      <td>-0.394633</td>\n",
       "      <td>0.170123</td>\n",
       "      <td>-0.385946</td>\n",
       "      <td>0.362298</td>\n",
       "    </tr>\n",
       "    <tr>\n",
       "      <th>INDUS</th>\n",
       "      <td>0.379754</td>\n",
       "      <td>-0.497920</td>\n",
       "      <td>1.000000</td>\n",
       "      <td>0.050288</td>\n",
       "      <td>0.735691</td>\n",
       "      <td>-0.389362</td>\n",
       "      <td>0.615455</td>\n",
       "      <td>-0.687672</td>\n",
       "      <td>0.580946</td>\n",
       "      <td>0.697661</td>\n",
       "      <td>0.372694</td>\n",
       "      <td>-0.344783</td>\n",
       "      <td>0.566693</td>\n",
       "      <td>-0.478199</td>\n",
       "    </tr>\n",
       "    <tr>\n",
       "      <th>CHAS</th>\n",
       "      <td>-0.055705</td>\n",
       "      <td>-0.032994</td>\n",
       "      <td>0.050288</td>\n",
       "      <td>1.000000</td>\n",
       "      <td>0.070867</td>\n",
       "      <td>0.106797</td>\n",
       "      <td>0.075467</td>\n",
       "      <td>-0.092318</td>\n",
       "      <td>-0.003339</td>\n",
       "      <td>-0.035822</td>\n",
       "      <td>-0.109451</td>\n",
       "      <td>0.050608</td>\n",
       "      <td>-0.044653</td>\n",
       "      <td>0.183844</td>\n",
       "    </tr>\n",
       "    <tr>\n",
       "      <th>NOX</th>\n",
       "      <td>0.410921</td>\n",
       "      <td>-0.498625</td>\n",
       "      <td>0.735691</td>\n",
       "      <td>0.070867</td>\n",
       "      <td>1.000000</td>\n",
       "      <td>-0.302188</td>\n",
       "      <td>0.711363</td>\n",
       "      <td>-0.769230</td>\n",
       "      <td>0.611441</td>\n",
       "      <td>0.668023</td>\n",
       "      <td>0.188933</td>\n",
       "      <td>-0.380051</td>\n",
       "      <td>0.568643</td>\n",
       "      <td>-0.427321</td>\n",
       "    </tr>\n",
       "    <tr>\n",
       "      <th>RM</th>\n",
       "      <td>-0.220323</td>\n",
       "      <td>0.312301</td>\n",
       "      <td>-0.389362</td>\n",
       "      <td>0.106797</td>\n",
       "      <td>-0.302188</td>\n",
       "      <td>1.000000</td>\n",
       "      <td>-0.238591</td>\n",
       "      <td>0.205246</td>\n",
       "      <td>-0.209847</td>\n",
       "      <td>-0.292048</td>\n",
       "      <td>-0.355501</td>\n",
       "      <td>0.128069</td>\n",
       "      <td>-0.602263</td>\n",
       "      <td>0.695360</td>\n",
       "    </tr>\n",
       "    <tr>\n",
       "      <th>AGE</th>\n",
       "      <td>0.342014</td>\n",
       "      <td>-0.535054</td>\n",
       "      <td>0.615455</td>\n",
       "      <td>0.075467</td>\n",
       "      <td>0.711363</td>\n",
       "      <td>-0.238591</td>\n",
       "      <td>1.000000</td>\n",
       "      <td>-0.723686</td>\n",
       "      <td>0.445559</td>\n",
       "      <td>0.497109</td>\n",
       "      <td>0.261238</td>\n",
       "      <td>-0.268840</td>\n",
       "      <td>0.574001</td>\n",
       "      <td>-0.376203</td>\n",
       "    </tr>\n",
       "    <tr>\n",
       "      <th>DIS</th>\n",
       "      <td>-0.365909</td>\n",
       "      <td>0.632437</td>\n",
       "      <td>-0.687672</td>\n",
       "      <td>-0.092318</td>\n",
       "      <td>-0.769230</td>\n",
       "      <td>0.205246</td>\n",
       "      <td>-0.723686</td>\n",
       "      <td>1.000000</td>\n",
       "      <td>-0.494588</td>\n",
       "      <td>-0.534432</td>\n",
       "      <td>-0.232471</td>\n",
       "      <td>0.291512</td>\n",
       "      <td>-0.476652</td>\n",
       "      <td>0.249929</td>\n",
       "    </tr>\n",
       "    <tr>\n",
       "      <th>RAD</th>\n",
       "      <td>0.600548</td>\n",
       "      <td>-0.300069</td>\n",
       "      <td>0.580946</td>\n",
       "      <td>-0.003339</td>\n",
       "      <td>0.611441</td>\n",
       "      <td>-0.209847</td>\n",
       "      <td>0.445559</td>\n",
       "      <td>-0.494588</td>\n",
       "      <td>1.000000</td>\n",
       "      <td>0.910228</td>\n",
       "      <td>0.464741</td>\n",
       "      <td>-0.444413</td>\n",
       "      <td>0.459460</td>\n",
       "      <td>-0.381626</td>\n",
       "    </tr>\n",
       "    <tr>\n",
       "      <th>TAX</th>\n",
       "      <td>0.559916</td>\n",
       "      <td>-0.304390</td>\n",
       "      <td>0.697661</td>\n",
       "      <td>-0.035822</td>\n",
       "      <td>0.668023</td>\n",
       "      <td>-0.292048</td>\n",
       "      <td>0.497109</td>\n",
       "      <td>-0.534432</td>\n",
       "      <td>0.910228</td>\n",
       "      <td>1.000000</td>\n",
       "      <td>0.460853</td>\n",
       "      <td>-0.441808</td>\n",
       "      <td>0.516273</td>\n",
       "      <td>-0.468536</td>\n",
       "    </tr>\n",
       "    <tr>\n",
       "      <th>PTRATIO</th>\n",
       "      <td>0.278227</td>\n",
       "      <td>-0.394633</td>\n",
       "      <td>0.372694</td>\n",
       "      <td>-0.109451</td>\n",
       "      <td>0.188933</td>\n",
       "      <td>-0.355501</td>\n",
       "      <td>0.261238</td>\n",
       "      <td>-0.232471</td>\n",
       "      <td>0.464741</td>\n",
       "      <td>0.460853</td>\n",
       "      <td>1.000000</td>\n",
       "      <td>-0.177383</td>\n",
       "      <td>0.356062</td>\n",
       "      <td>-0.507787</td>\n",
       "    </tr>\n",
       "    <tr>\n",
       "      <th>B</th>\n",
       "      <td>-0.364913</td>\n",
       "      <td>0.170123</td>\n",
       "      <td>-0.344783</td>\n",
       "      <td>0.050608</td>\n",
       "      <td>-0.380051</td>\n",
       "      <td>0.128069</td>\n",
       "      <td>-0.268840</td>\n",
       "      <td>0.291512</td>\n",
       "      <td>-0.444413</td>\n",
       "      <td>-0.441808</td>\n",
       "      <td>-0.177383</td>\n",
       "      <td>1.000000</td>\n",
       "      <td>-0.374667</td>\n",
       "      <td>0.333461</td>\n",
       "    </tr>\n",
       "    <tr>\n",
       "      <th>LSTAT</th>\n",
       "      <td>0.430490</td>\n",
       "      <td>-0.385946</td>\n",
       "      <td>0.566693</td>\n",
       "      <td>-0.044653</td>\n",
       "      <td>0.568643</td>\n",
       "      <td>-0.602263</td>\n",
       "      <td>0.574001</td>\n",
       "      <td>-0.476652</td>\n",
       "      <td>0.459460</td>\n",
       "      <td>0.516273</td>\n",
       "      <td>0.356062</td>\n",
       "      <td>-0.374667</td>\n",
       "      <td>1.000000</td>\n",
       "      <td>-0.718649</td>\n",
       "    </tr>\n",
       "    <tr>\n",
       "      <th>Price</th>\n",
       "      <td>-0.384108</td>\n",
       "      <td>0.362298</td>\n",
       "      <td>-0.478199</td>\n",
       "      <td>0.183844</td>\n",
       "      <td>-0.427321</td>\n",
       "      <td>0.695360</td>\n",
       "      <td>-0.376203</td>\n",
       "      <td>0.249929</td>\n",
       "      <td>-0.381626</td>\n",
       "      <td>-0.468536</td>\n",
       "      <td>-0.507787</td>\n",
       "      <td>0.333461</td>\n",
       "      <td>-0.718649</td>\n",
       "      <td>1.000000</td>\n",
       "    </tr>\n",
       "  </tbody>\n",
       "</table>\n",
       "</div>"
      ],
      "text/plain": [
       "             CRIM        ZN     INDUS      CHAS       NOX        RM       AGE  \\\n",
       "CRIM     1.000000 -0.185549  0.379754 -0.055705  0.410921 -0.220323  0.342014   \n",
       "ZN      -0.185549  1.000000 -0.497920 -0.032994 -0.498625  0.312301 -0.535054   \n",
       "INDUS    0.379754 -0.497920  1.000000  0.050288  0.735691 -0.389362  0.615455   \n",
       "CHAS    -0.055705 -0.032994  0.050288  1.000000  0.070867  0.106797  0.075467   \n",
       "NOX      0.410921 -0.498625  0.735691  0.070867  1.000000 -0.302188  0.711363   \n",
       "RM      -0.220323  0.312301 -0.389362  0.106797 -0.302188  1.000000 -0.238591   \n",
       "AGE      0.342014 -0.535054  0.615455  0.075467  0.711363 -0.238591  1.000000   \n",
       "DIS     -0.365909  0.632437 -0.687672 -0.092318 -0.769230  0.205246 -0.723686   \n",
       "RAD      0.600548 -0.300069  0.580946 -0.003339  0.611441 -0.209847  0.445559   \n",
       "TAX      0.559916 -0.304390  0.697661 -0.035822  0.668023 -0.292048  0.497109   \n",
       "PTRATIO  0.278227 -0.394633  0.372694 -0.109451  0.188933 -0.355501  0.261238   \n",
       "B       -0.364913  0.170123 -0.344783  0.050608 -0.380051  0.128069 -0.268840   \n",
       "LSTAT    0.430490 -0.385946  0.566693 -0.044653  0.568643 -0.602263  0.574001   \n",
       "Price   -0.384108  0.362298 -0.478199  0.183844 -0.427321  0.695360 -0.376203   \n",
       "\n",
       "              DIS       RAD       TAX   PTRATIO         B     LSTAT     Price  \n",
       "CRIM    -0.365909  0.600548  0.559916  0.278227 -0.364913  0.430490 -0.384108  \n",
       "ZN       0.632437 -0.300069 -0.304390 -0.394633  0.170123 -0.385946  0.362298  \n",
       "INDUS   -0.687672  0.580946  0.697661  0.372694 -0.344783  0.566693 -0.478199  \n",
       "CHAS    -0.092318 -0.003339 -0.035822 -0.109451  0.050608 -0.044653  0.183844  \n",
       "NOX     -0.769230  0.611441  0.668023  0.188933 -0.380051  0.568643 -0.427321  \n",
       "RM       0.205246 -0.209847 -0.292048 -0.355501  0.128069 -0.602263  0.695360  \n",
       "AGE     -0.723686  0.445559  0.497109  0.261238 -0.268840  0.574001 -0.376203  \n",
       "DIS      1.000000 -0.494588 -0.534432 -0.232471  0.291512 -0.476652  0.249929  \n",
       "RAD     -0.494588  1.000000  0.910228  0.464741 -0.444413  0.459460 -0.381626  \n",
       "TAX     -0.534432  0.910228  1.000000  0.460853 -0.441808  0.516273 -0.468536  \n",
       "PTRATIO -0.232471  0.464741  0.460853  1.000000 -0.177383  0.356062 -0.507787  \n",
       "B        0.291512 -0.444413 -0.441808 -0.177383  1.000000 -0.374667  0.333461  \n",
       "LSTAT   -0.476652  0.459460  0.516273  0.356062 -0.374667  1.000000 -0.718649  \n",
       "Price    0.249929 -0.381626 -0.468536 -0.507787  0.333461 -0.718649  1.000000  "
      ]
     },
     "execution_count": 25,
     "metadata": {},
     "output_type": "execute_result"
    }
   ],
   "source": [
    "df.corr()"
   ]
  },
  {
   "cell_type": "code",
   "execution_count": 26,
   "id": "67ae9494",
   "metadata": {},
   "outputs": [
    {
     "data": {
